2
3
4
7
8
11
12
13
14
17
19
21
22
23
24
28
29
30
31
32
37
39
40
41
42
43
44
45
46
47
48
49
50
51
53
54
55
56
57
58
59
60
61
62
65
66
67
68
70
71
72
73
74
75
76
78
79
81
82
84
85
87
88
89
90
91
92
93
94
95
96
97
99
100
101
102
103
104
105
106
107
109
110
112
113
115
117
118
119
120
121
122
123
124
125
126
127
128
129
130
131
132
134
135
137
138
139
141
143
144
145
147
148
149
150
151
152
153
154
155
156
157
158
159
160
162
163
167
169
171
172
174
175
176
178
179
180
181
182
183
184
185
186
187
188
190
191
192
193
194
195
196
197
198
199
200
202
203
204
205
206
209
210
212
213
214
215
220
221
222
223
224
225
226
229
230
231
232
234
235
236
237
238
239
240
241
242
243
244
245
246
248
249
250
252
254
255
256
257
258
259
260
261
262
264
266
267
268
269
270
273
274
275
276
278
279
280
281
282
284
285
287
288
289
290
291
293
294
298
300
301
302
305
306
308
309
310
311
313
314
315
316
317
318
320
321
322
323
324
325
326
328
329
330
331
332
334
335
336
337
338
339
340
341
342
343
344
346
347
348
349
350
351
353
355
356
357
358
359
360
361
363
365
366
367
368
369
